function definput=arg_absolutethreshold(definput)

  definput.keyvals.table = [];
  
  definput.groups.iso226_2003={'table',[  ...
    125     22.1
    160     17.9
    200     14.4
    250     11.4
    315      8.6
    400      6.2
    500      4.4
    630      3.0
    800      2.2
   1000      2.4
   1250      3.5
   1600      1.7
   2000     -1.3
   2500     -4.2
   3150     -6.0
   4000     -5.4
   5000     -1.5
   6300      6.0
   8000     12.6 ]};

definput.groups.iso389_2005={'table',[  ...
  
    125     22.1
    160     17.9
    200     14.4
    250     11.4
    315      8.4
    400      5.8
    500      3.8
    630      2.1
    800      1.0
   1000      0.8
   1250      1.9
   1600      0.5
   2000     -1.5
   2500     -3.1
   3150     -4.0
   4000     -3.8
   5000     -1.8
   6300      2.5
   8000      6.8 ]};

  definput.groups.map={'table',[...
    125     23.8
    160     19.6
    200     16.6
    250     14.1
    315     11.7
    400      9.4
    500      7.9
    630      7.1
    800      7.0
   1000      6.7
   1250      8.2
   1600      9.5
   2000     12.4
   2500     14.3
   3150     10.7
   4000     10.6
   5000     10.9
   6300     14.1
   8000     16.1 ]};

  
  definput.groups.er3a={'table',[...
    125     28.0
    160     24.5
    200     21.5
    250     17.5
    315     15.5
    400     13.0
    500      9.5
    630      7.5
    800      5.5
   1000      5.5
   1250      8.5
   1600      9.5
   2000     11.5
   2500     13.5
   3150     13.0
   4000     15.0
   5000     18.5
   6300     16.0
   8000     15.5 ]};

  
  definput.groups.er2a={'table',[ ...
    125     30.1
    160     27.1
    200     24.0
    250     21.0
    315     18.2
    400     15.5
    500     12.7
    630     10.9
    800      9.0
   1000      9.2
   1250     11.1
   1600     12.9
   2000     15.3
   2500     15.8
   3150     16.2
   4000     17.1
   5000     18.6
   6300     20.1
   8000     19   
   9000     16   
  10000     20   
  11200     30.5 
  12500     37   
  14000     43.5 
  16000     53  ]};
  
  definput.groups.hda200={'table',[ ...      
   125 30.5
   160 26.0
   200 22.0
   250 18.0
   315 15.5
   400 13.5
   500 11.0
   630 8.0
   750 6.0
   800 6.0
  1000 5.5
  1250 6.0
  1500 5.5
  1600 5.5
  2000 4.5
  2500 3.0
  3000 2.5
  3150 4.0
  4000 9.5
  5000 14.0
  6000 17.0
  6300 17.5
  8000 17.5
  9000 19
 10000 22
 11200 23
 12500 27.5
 14000 35
 16000 56  ]};



% This file is licensed unter the GNU General Public License (GPL) either 
% version 3 of the license, or any later version as published by the Free Software 
% Foundation. Details of the GPLv3 can be found in the AMT directory "licences" and 
% at <https://www.gnu.org/licenses/gpl-3.0.html>. 
% You can redistribute this file and/or modify it under the terms of the GPLv3. 
% This file is distributed without any warranty; without even the implied warranty 
% of merchantability or fitness for a particular purpose. 
%
%   Url: http://amtoolbox.org/amt-1.4.0/doc/defaults/arg_absolutethreshold.php



